25,24,90,41,44,48,47,90,90,90,90,87,90,87,88,89,90,66,56,90,90,62,90
27,44,80,81,82,74,73,33,27,26,85,88,89,86,41,56,65,65,57,58,59,63,64
28,66,88,89,90,88,87,32,27,25,90,50,90,85,52,55,66,63,54,68,67,66,65
90,73,90,89,84,89,88,86,87,88,89,79,75,84,49,50,51,52,53,69,70,71,73
59,74,84,88,85,90,90,18,17,53,1,2,30,83,82,81,80,79,78,77,76,75,74
60,71,83,87,86,83,82,50,51,52,14,13,29,11,47,46,45,53,2,57,80,78,88
61,62,82,77,78,47,81,11,10,21,83,3,28,9,10,35,44,13,14,15,16,17,14
62,5,81,80,79,14,80,18,19,20,84,2,27,26,25,36,43,22,21,20,19,18,15
63,17,16,56,60,61,79,63,88,89,3,2,1,70,90,37,42,87,90,89,88,83,82
73,74,90,83,84,85,78,86,87,90,88,89,90,85,56,55,41,65,81,8,87,71,81
72,75,89,80,79,86,87,88,11,70,75,72,79,84,75,76,77,78,79,80,81,82,83
90,83,88,85,86,87,89,90,12,69,89,81,82,83,84,85,86,87,88,89,90,88,84
83,82,87,54,80,81,82,90,13,68,86,80,45,76,69,68,51,43,44,45,46,89,85
84,85,86,26,79,16,51,70,22,67,71,79,74,77,70,67,66,35,21,20,72,90,86
33,65,28,27,78,73,72,71,60,66,25,78,73,78,58,82,83,36,22,19,71,52,87
34,66,32,33,77,17,49,48,51,65,18,77,64,79,80,89,88,54,53,43,70,69,88
35,67,55,75,76,61,62,14,50,64,35,76,79,80,81,90,87,86,45,7,63,34,89
36,68,54,74,58,59,60,61,62,63,65,75,63,62,61,60,59,58,57,56,55,54,90
38,69,53,73,44,45,46,47,48,81,66,74,60,22,62,11,85,65,66,67,61,36,90
90,70,71,72,43,39,23,17,20,34,67,73,57,21,16,12,86,49,48,47,60,45,44
90,26,51,42,42,11,10,18,21,7,68,72,4,90,89,88,87,66,60,0,59,38,42
48,49,50,43,41,21,20,19,90,38,69,71,90,19,3,14,52,53,54,55,58,90,41
47,46,45,17,40,43,90,2,90,37,90,90,90,18,17,16,90,64,63,90,57,90,90